
Board 1
5 3 4 6 7 8 9 1 2 
6 7 2 1 9 5 3 4 8 
1 9 8 3 4 2 5 6 7 
8 5 9 7 6 1 4 2 3 
4 2 6 8 5 3 7 9 1 
7 1 3 9 2 4 8 5 6 
9 6 1 5 3 7 2 8 4 
2 8 7 4 1 9 6 3 5 
3 4 5 2 8 6 1 7 9 
Board 2
1 5 7 2 3 9 4 6 8 
8 3 2 6 4 5 7 9 1 
4 6 9 7 1 8 3 5 2 
7 1 5 9 2 3 6 8 4 
9 2 3 8 6 4 1 7 5 
6 8 4 5 7 1 9 2 3 
3 7 8 1 9 2 5 4 6 
2 4 6 3 5 7 8 1 9 
5 9 1 4 8 6 2 3 7 
Board 3
2 5 6 1 4 7 3 8 9 
1 9 8 2 6 3 4 7 5 
7 4 3 5 8 9 2 1 6 
9 1 5 8 7 4 6 3 2 
6 7 4 3 1 2 9 5 8 
8 3 2 9 5 6 1 4 7 
4 6 1 7 9 5 8 2 3 
5 2 9 4 3 8 7 6 1 
3 8 7 6 2 1 5 9 4 
Board 4
2 7 8 5 9 1 6 3 4 
5 9 3 2 6 4 7 1 8 
6 1 4 7 3 8 5 9 2 
1 5 7 3 2 9 4 8 6 
3 2 9 4 8 6 1 7 5 
8 4 6 1 7 5 3 2 9 
7 8 2 6 4 3 9 5 1 
9 6 1 8 5 7 2 4 3 
4 3 5 9 1 2 8 6 7 
Board 5
1 7 3 5 8 4 2 6 9 
5 8 4 2 6 9 3 7 1 
2 6 9 1 3 7 4 8 5 
4 3 1 6 9 8 7 5 2 
6 5 8 3 7 2 1 9 4 
7 9 2 4 5 1 6 3 8 
8 4 5 7 1 3 9 2 6 
9 1 7 8 2 6 5 4 3 
3 2 6 9 4 5 8 1 7 
Board 6
3 1 5 2 6 7 4 8 9 
4 7 8 3 9 1 2 5 6 
6 2 9 4 8 5 3 1 7 
7 3 1 5 2 9 6 4 8 
2 5 4 6 1 8 7 9 3 
9 8 6 7 3 4 5 2 1 
5 9 3 8 4 6 1 7 2 
1 4 2 9 7 3 8 6 5 
8 6 7 1 5 2 9 3 4 
Board 7
3 8 2 1 7 4 5 6 9 
5 7 4 2 9 6 1 3 8 
6 9 1 5 8 3 4 2 7 
8 6 7 3 4 1 2 9 5 
9 4 3 7 2 5 8 1 6 
2 1 5 8 6 9 3 7 4 
7 2 6 4 1 8 9 5 3 
1 5 8 9 3 7 6 4 2 
4 3 9 6 5 2 7 8 1 
Board 8
2 1 3 4 5 6 8 9 7 
4 5 8 1 7 9 2 6 3 
6 7 9 8 2 3 1 5 4 
9 8 2 3 1 5 4 7 6 
5 3 1 6 4 7 9 8 2 
7 4 6 9 8 2 3 1 5 
3 9 7 2 6 8 5 4 1 
8 6 4 5 3 1 7 2 9 
1 2 5 7 9 4 6 3 8 
Board 9
2 4 3 1 5 6 7 9 8 
5 1 6 7 8 9 2 4 3 
7 9 8 2 4 3 5 1 6 
4 2 9 3 6 1 8 5 7 
3 6 5 8 9 7 4 2 1 
8 7 1 4 2 5 3 6 9 
1 5 2 6 3 8 9 7 4 
6 8 4 9 7 2 1 3 5 
9 3 7 5 1 4 6 8 2 
Board 10
2 1 3 4 5 8 9 6 7 
4 5 8 9 6 7 2 1 3 
7 6 9 1 3 2 4 5 8 
1 3 4 2 8 9 5 7 6 
5 8 2 6 7 3 1 9 4 
6 9 7 5 1 4 3 8 2 
8 7 5 3 4 1 6 2 9 
9 4 1 8 2 6 7 3 5 
3 2 6 7 9 5 8 4 1 
Board 11
1 2 3 4 5 6 7 8 9 
4 5 6 7 8 9 1 2 3 
7 8 9 1 2 3 4 5 6 
2 1 4 3 6 5 8 9 7 
3 6 5 8 9 7 2 1 4 
8 9 7 2 1 4 3 6 5 
5 3 1 6 4 2 9 7 8 
6 4 2 9 7 8 5 3 1 
9 7 8 5 3 1 6 4 2 
Board 12
2 1 3 8 6 5 4 7 9 
4 8 6 2 7 9 3 1 5 
9 7 5 3 1 4 8 2 6 
1 2 8 6 9 3 7 5 4 
6 3 4 7 5 2 1 9 8 
7 5 9 1 4 8 2 6 3 
8 6 2 9 3 7 5 4 1 
3 4 1 5 2 6 9 8 7 
5 9 7 4 8 1 6 3 2 
Board 13
1 6 7 5 3 4 9 2 8 
5 3 4 9 2 8 1 7 6 
2 8 9 7 1 6 5 3 4 
6 2 5 8 4 3 7 1 9 
7 4 3 1 6 9 2 8 5 
9 1 8 2 7 5 6 4 3 
3 7 6 4 5 1 8 9 2 
4 9 1 6 8 2 3 5 7 
8 5 2 3 9 7 4 6 1 
Board 14
6 8 1 3 2 7 5 9 4 
3 2 7 5 9 4 8 6 1 
5 9 4 8 6 1 2 3 7 
7 3 6 1 4 2 9 5 8 
1 4 2 9 8 5 6 7 3 
9 5 8 6 7 3 1 4 2 
2 1 5 7 3 9 4 8 6 
4 6 3 2 5 8 7 1 9 
8 7 9 4 1 6 3 2 5 
Board 15
2 1 4 3 7 6 5 8 9 
3 7 5 8 1 9 4 6 2 
6 8 9 2 5 4 3 7 1 
5 6 3 9 2 7 8 1 4 
9 4 7 5 8 1 6 2 3 
8 2 1 6 4 3 9 5 7 
7 9 8 1 3 5 2 4 6 
4 3 2 7 6 8 1 9 5 
1 5 6 4 9 2 7 3 8 
Board 16
1 3 2 5 4 9 8 6 7 
4 9 7 2 6 8 1 5 3 
8 5 6 1 7 3 2 4 9 
5 1 8 6 9 4 3 7 2 
2 6 4 3 1 7 5 9 8 
9 7 3 8 5 2 6 1 4 
3 4 1 9 8 6 7 2 5 
7 2 5 4 3 1 9 8 6 
6 8 9 7 2 5 4 3 1 
Board 17
8 1 6 5 2 4 7 9 3 
5 4 2 7 3 9 8 1 6 
7 9 3 6 1 8 2 4 5 
1 8 5 2 4 6 9 3 7 
6 2 4 3 9 7 5 8 1 
9 3 7 1 8 5 6 2 4 
4 6 8 9 5 3 1 7 2 
2 7 9 4 6 1 3 5 8 
3 5 1 8 7 2 4 6 9 
Board 18
7 1 3 5 8 9 2 4 6 
9 8 5 2 4 6 7 1 3 
2 4 6 1 7 3 9 8 5 
1 7 9 3 2 5 4 6 8 
3 5 2 4 6 8 1 7 9 
4 6 8 7 9 1 3 5 2 
5 3 7 6 1 2 8 9 4 
6 9 1 8 3 4 5 2 7 
8 2 4 9 5 7 6 3 1 
Board 19
1 3 6 8 4 5 7 9 2 
4 5 7 6 9 2 8 3 1 
8 9 2 1 3 7 4 5 6 
5 6 8 7 1 4 9 2 3 
3 7 1 9 2 6 5 4 8 
9 2 4 3 5 8 6 1 7 
7 1 5 4 6 3 2 8 9 
2 8 9 5 7 1 3 6 4 
6 4 3 2 8 9 1 7 5 
Board 20
1 4 2 5 8 6 3 9 7 
9 6 7 2 3 1 5 4 8 
5 3 8 9 4 7 1 2 6 
4 7 1 8 6 2 9 3 5 
6 8 9 3 1 5 4 7 2 
3 2 5 4 7 9 8 6 1 
2 9 4 6 5 8 7 1 3 
7 5 6 1 9 3 2 8 4 
8 1 3 7 2 4 6 5 9 
Board 21
4 2 5 7 6 9 1 3 8 
7 3 6 2 8 1 4 5 9 
1 8 9 4 3 5 2 7 6 
5 4 7 9 1 3 8 6 2 
9 1 8 6 7 2 5 4 3 
2 6 3 5 4 8 9 1 7 
3 5 2 1 9 6 7 8 4 
8 7 1 3 2 4 6 9 5 
6 9 4 8 5 7 3 2 1 
Board 22
1 3 7 2 6 4 8 9 5 
6 9 4 1 8 5 2 3 7 
2 8 5 3 9 7 6 1 4 
3 1 6 7 5 9 4 8 2 
7 4 9 8 1 2 3 5 6 
8 5 2 4 3 6 1 7 9 
4 7 1 5 2 3 9 6 8 
5 6 3 9 4 8 7 2 1 
9 2 8 6 7 1 5 4 3 
Board 23
5 2 3 4 1 9 6 7 8 
4 6 7 3 5 8 9 1 2 
9 1 8 6 2 7 4 5 3 
2 7 4 8 9 1 5 3 6 
6 8 9 7 3 5 1 2 4 
1 3 5 2 6 4 8 9 7 
7 9 6 5 8 2 3 4 1 
3 4 1 9 7 6 2 8 5 
8 5 2 1 4 3 7 6 9 
Board 24
6 1 8 3 2 7 4 5 9 
7 4 3 5 1 9 6 2 8 
9 2 5 4 6 8 7 1 3 
4 5 9 8 3 1 2 6 7 
8 3 7 2 5 6 1 9 4 
2 6 1 7 9 4 8 3 5 
1 8 6 9 4 3 5 7 2 
5 9 4 1 7 2 3 8 6 
3 7 2 6 8 5 9 4 1 
Board 25
2 4 5 3 9 7 1 8 6 
3 8 7 1 2 6 4 5 9 
1 9 6 4 8 5 3 2 7 
4 2 3 5 7 9 8 6 1 
5 1 8 2 6 4 7 9 3 
7 6 9 8 3 1 2 4 5 
9 5 2 7 1 8 6 3 4 
6 3 1 9 4 2 5 7 8 
8 7 4 6 5 3 9 1 2 
Board 26
1 2 3 8 7 9 4 6 5 
4 7 5 1 2 6 3 8 9 
8 6 9 3 4 5 1 7 2 
7 8 2 5 3 4 6 9 1 
5 3 1 6 9 7 8 2 4 
6 9 4 2 8 1 5 3 7 
3 5 7 4 6 2 9 1 8 
2 1 8 9 5 3 7 4 6 
9 4 6 7 1 8 2 5 3 
Board 27
2 3 7 1 5 8 6 9 4 
5 8 6 9 4 3 2 7 1 
1 4 9 2 7 6 3 8 5 
7 9 2 5 3 1 4 6 8 
3 5 8 4 6 9 7 1 2 
4 6 1 7 8 2 5 3 9 
8 7 5 3 1 4 9 2 6 
9 1 4 6 2 7 8 5 3 
6 2 3 8 9 5 1 4 7 
Board 28
4 3 7 5 6 1 2 8 9 
2 9 1 7 3 8 5 6 4 
6 5 8 2 9 4 1 3 7 
3 8 2 4 1 9 6 7 5 
1 7 9 6 5 2 3 4 8 
5 6 4 3 8 7 9 1 2 
7 4 6 1 2 5 8 9 3 
9 2 3 8 7 6 4 5 1 
8 1 5 9 4 3 7 2 6 
Board 29
3 7 2 1 4 6 5 9 8 
1 8 6 5 9 2 4 7 3 
5 9 4 7 3 8 1 6 2 
7 2 1 4 6 3 9 8 5 
9 4 5 2 8 1 7 3 6 
8 6 3 9 7 5 2 4 1 
2 3 9 8 5 4 6 1 7 
4 5 8 6 1 7 3 2 9 
6 1 7 3 2 9 8 5 4 
Board 30
2 1 7 3 4 6 5 8 9 
3 4 8 5 1 9 2 6 7 
5 6 9 2 8 7 3 4 1 
1 3 2 8 7 4 6 9 5 
6 7 4 1 9 5 8 3 2 
9 8 5 6 3 2 1 7 4 
4 5 3 7 6 1 9 2 8 
8 9 1 4 2 3 7 5 6 
7 2 6 9 5 8 4 1 3 
Board 31
4 1 3 6 8 2 9 5 7 
8 6 9 5 7 1 4 2 3 
5 2 7 4 3 9 8 1 6 
3 4 8 1 9 5 7 6 2 
2 9 1 3 6 7 5 4 8 
6 7 5 2 4 8 3 9 1 
1 3 4 8 5 6 2 7 9 
7 8 2 9 1 4 6 3 5 
9 5 6 7 2 3 1 8 4 
Board 32
2 5 1 3 4 8 7 6 9 
3 4 8 6 9 7 2 5 1 
7 6 9 2 5 1 3 4 8 
4 2 3 1 6 5 8 9 7 
9 8 6 7 2 3 5 1 4 
5 1 7 4 8 9 6 2 3 
6 9 2 8 7 4 1 3 5 
1 7 4 5 3 2 9 8 6 
8 3 5 9 1 6 4 7 2 
Board 33
3 1 7 5 4 8 6 2 9 
5 4 6 9 2 7 3 1 8 
8 2 9 6 3 1 5 7 4 
1 6 4 8 5 3 2 9 7 
2 3 5 7 9 4 8 6 1 
7 9 8 2 1 6 4 3 5 
9 8 3 4 7 2 1 5 6 
4 7 1 3 6 5 9 8 2 
6 5 2 1 8 9 7 4 3 
Board 34
2 4 7 9 1 5 3 6 8 
9 1 8 3 6 4 5 2 7 
5 6 3 2 8 7 9 1 4 
8 2 6 1 4 3 7 5 9 
7 9 1 8 5 2 6 4 3 
3 5 4 6 7 9 2 8 1 
1 7 2 4 9 6 8 3 5 
6 8 9 5 3 1 4 7 2 
4 3 5 7 2 8 1 9 6 
Board 35
1 6 2 3 8 7 4 5 9 
3 8 7 5 4 9 2 1 6 
5 4 9 1 2 6 3 8 7 
4 2 3 6 9 8 5 7 1 
6 9 1 2 7 5 8 4 3 
8 7 5 4 1 3 6 9 2 
2 3 4 7 5 1 9 6 8 
9 1 6 8 3 4 7 2 5 
7 5 8 9 6 2 1 3 4 
Board 36
5 3 1 2 4 7 9 8 6 
7 8 9 1 3 6 2 4 5 
4 2 6 5 8 9 7 1 3 
1 4 2 8 5 3 6 7 9 
8 5 7 9 6 1 4 3 2 
9 6 3 7 2 4 1 5 8 
2 1 5 6 7 8 3 9 4 
3 9 8 4 1 2 5 6 7 
6 7 4 3 9 5 8 2 1 
Board 37
1 6 9 2 4 8 3 5 7 
2 8 4 5 7 3 1 6 9 
5 7 3 1 6 9 2 8 4 
6 1 2 9 5 4 7 3 8 
9 4 8 7 3 2 6 1 5 
7 3 5 8 1 6 9 4 2 
8 9 1 3 2 5 4 7 6 
4 5 7 6 9 1 8 2 3 
3 2 6 4 8 7 5 9 1 
Board 38
1 9 4 3 7 2 6 5 8 
5 7 2 4 6 8 1 3 9 
3 6 8 1 5 9 7 4 2 
9 1 3 7 2 6 4 8 5 
8 2 6 5 9 4 3 1 7 
7 4 5 8 1 3 9 2 6 
6 8 1 9 4 5 2 7 3 
4 5 9 2 3 7 8 6 1 
2 3 7 6 8 1 5 9 4 
Board 39
2 5 1 4 6 8 7 3 9 
3 7 4 2 1 9 8 6 5 
6 8 9 7 3 5 2 4 1 
7 6 5 1 8 4 3 9 2 
1 3 8 5 9 2 6 7 4 
4 9 2 6 7 3 1 5 8 
8 1 7 9 5 6 4 2 3 
9 4 3 8 2 7 5 1 6 
5 2 6 3 4 1 9 8 7 
Board 40
9 3 8 5 2 1 4 6 7 
1 2 6 4 3 7 9 5 8 
4 5 7 6 8 9 1 2 3 
5 9 2 8 1 6 3 7 4 
8 1 3 2 7 4 5 9 6 
6 7 4 3 9 5 8 1 2 
2 4 1 7 5 8 6 3 9 
7 8 5 9 6 3 2 4 1 
3 6 9 1 4 2 7 8 5 
Board 41
2 3 4 5 1 7 6 8 9 
5 1 7 6 9 8 2 3 4 
6 8 9 2 3 4 1 5 7 
3 2 5 4 8 1 9 7 6 
4 9 1 3 7 6 8 2 5 
8 7 6 9 2 5 4 1 3 
1 4 2 7 5 9 3 6 8 
7 6 3 8 4 2 5 9 1 
9 5 8 1 6 3 7 4 2 
Board 42
6 4 2 1 3 5 8 9 7 
1 3 8 9 2 7 4 5 6 
5 9 7 4 6 8 1 3 2 
4 6 1 8 5 3 2 7 9 
3 7 5 2 4 9 6 1 8 
2 8 9 6 7 1 5 4 3 
7 1 3 5 8 2 9 6 4 
8 5 4 3 9 6 7 2 1 
9 2 6 7 1 4 3 8 5 
Board 43
2 5 3 1 4 6 7 9 8 
7 4 9 3 2 8 1 5 6 
1 6 8 7 5 9 3 2 4 
3 7 4 6 1 5 2 8 9 
6 9 1 2 8 3 5 4 7 
5 8 2 4 9 7 6 3 1 
4 3 6 8 7 2 9 1 5 
9 1 7 5 3 4 8 6 2 
8 2 5 9 6 1 4 7 3 
Board 44
2 1 9 7 6 3 4 5 8 
7 8 6 1 4 5 2 9 3 
4 3 5 2 8 9 1 6 7 
8 2 3 4 5 6 9 7 1 
5 6 7 9 3 1 8 4 2 
9 4 1 8 2 7 5 3 6 
1 9 2 3 7 4 6 8 5 
6 7 8 5 9 2 3 1 4 
3 5 4 6 1 8 7 2 9 
Board 45
3 2 4 5 1 7 9 6 8 
5 1 6 9 4 8 3 7 2 
9 7 8 3 6 2 5 1 4 
7 3 1 6 2 5 4 8 9 
6 5 2 4 8 9 7 3 1 
4 8 9 7 3 1 6 2 5 
1 6 3 8 5 4 2 9 7 
2 9 5 1 7 6 8 4 3 
8 4 7 2 9 3 1 5 6 
Board 46
6 5 1 4 2 8 7 3 9 
4 2 8 7 3 9 6 5 1 
7 3 9 6 1 5 2 4 8 
5 6 4 8 9 2 3 1 7 
8 9 2 3 7 1 4 6 5 
3 1 7 5 6 4 8 9 2 
2 8 3 1 5 6 9 7 4 
1 4 6 9 8 7 5 2 3 
9 7 5 2 4 3 1 8 6 
Board 47
1 9 5 2 4 7 3 6 8 
4 2 8 1 3 6 7 9 5 
7 3 6 8 9 5 1 2 4 
9 1 2 5 6 4 8 7 3 
5 6 4 3 7 8 9 1 2 
8 7 3 9 2 1 5 4 6 
2 5 7 4 1 3 6 8 9 
3 4 1 6 8 9 2 5 7 
6 8 9 7 5 2 4 3 1 
Board 48
1 3 6 2 4 7 9 8 5 
7 4 2 9 8 5 1 3 6 
9 8 5 1 3 6 2 4 7 
3 1 7 6 5 2 8 9 4 
6 2 9 8 7 4 3 5 1 
8 5 4 3 9 1 6 7 2 
4 9 1 5 2 8 7 6 3 
5 6 3 7 1 9 4 2 8 
2 7 8 4 6 3 5 1 9 
Board 49
2 1 3 4 6 7 5 8 9 
8 4 9 5 3 1 2 7 6 
5 6 7 2 8 9 1 4 3 
9 2 8 6 1 4 7 3 5 
6 3 4 7 9 5 8 2 1 
1 7 5 8 2 3 6 9 4 
4 9 2 1 7 6 3 5 8 
7 5 6 3 4 8 9 1 2 
3 8 1 9 5 2 4 6 7 
Board 50
1 5 2 6 9 3 7 4 8 
4 9 8 2 7 1 6 5 3 
3 6 7 4 5 8 9 2 1 
6 2 9 5 3 4 8 1 7 
8 3 5 9 1 7 2 6 4 
7 1 4 8 6 2 5 3 9 
5 4 6 1 8 9 3 7 2 
2 8 3 7 4 5 1 9 6 
9 7 1 3 2 6 4 8 5 
Board 51
2 3 4 6 5 1 7 8 9 
6 1 9 2 8 7 4 5 3 
5 8 7 4 9 3 1 2 6 
4 5 2 3 1 6 8 9 7 
3 9 1 8 7 2 6 4 5 
8 7 6 5 4 9 3 1 2 
9 4 8 7 3 5 2 6 1 
1 6 3 9 2 4 5 7 8 
7 2 5 1 6 8 9 3 4 
Board 52
1 2 5 3 4 7 6 8 9 
6 4 7 2 8 9 1 5 3 
8 3 9 1 6 5 2 4 7 
3 1 2 8 7 4 5 9 6 
9 7 4 5 1 6 8 3 2 
5 8 6 9 2 3 4 7 1 
4 9 1 6 3 8 7 2 5 
7 6 3 4 5 2 9 1 8 
2 5 8 7 9 1 3 6 4 
Board 53
1 3 4 5 7 9 6 2 8 
5 9 8 6 4 2 3 1 7 
6 2 7 1 8 3 5 9 4 
3 6 1 7 9 4 2 8 5 
7 4 9 2 5 8 1 6 3 
2 8 5 3 6 1 7 4 9 
9 7 6 8 1 5 4 3 2 
4 5 2 9 3 6 8 7 1 
8 1 3 4 2 7 9 5 6 
Board 54
2 8 6 1 4 3 7 9 5 
4 1 5 2 7 9 3 6 8 
7 9 3 8 6 5 2 1 4 
8 3 4 6 5 1 9 2 7 
6 5 2 9 3 7 4 8 1 
9 7 1 4 2 8 6 5 3 
1 6 7 3 8 2 5 4 9 
3 4 8 5 9 6 1 7 2 
5 2 9 7 1 4 8 3 6 
Board 55
1 2 4 3 5 6 8 7 9 
3 5 7 1 8 9 6 2 4 
6 8 9 7 2 4 5 3 1 
8 6 3 4 1 7 2 9 5 
2 7 1 8 9 5 4 6 3 
4 9 5 2 6 3 1 8 7 
5 4 6 9 7 2 3 1 8 
9 3 8 6 4 1 7 5 2 
7 1 2 5 3 8 9 4 6 
Board 56
1 8 7 4 9 5 3 6 2 
4 2 5 3 1 6 8 9 7 
3 6 9 2 8 7 4 1 5 
8 7 3 6 5 9 1 2 4 
6 5 4 1 2 8 7 3 9 
9 1 2 7 3 4 6 5 8 
7 9 1 8 6 2 5 4 3 
2 3 8 5 4 1 9 7 6 
5 4 6 9 7 3 2 8 1 
Board 57
1 2 4 3 9 7 5 6 8 
3 9 8 5 6 4 1 2 7 
5 6 7 1 8 2 3 9 4 
8 3 5 7 2 6 9 4 1 
7 1 2 9 4 5 6 8 3 
6 4 9 8 1 3 7 5 2 
9 7 1 4 5 8 2 3 6 
4 5 6 2 3 1 8 7 9 
2 8 3 6 7 9 4 1 5 
Board 58
5 1 6 2 7 3 4 8 9 
8 7 3 6 4 9 1 2 5 
2 4 9 5 1 8 6 7 3 
1 6 8 3 5 7 9 4 2 
3 5 2 4 9 6 8 1 7 
4 9 7 1 8 2 5 3 6 
7 3 5 8 6 4 2 9 1 
9 8 1 7 2 5 3 6 4 
6 2 4 9 3 1 7 5 8 
Board 59
1 6 2 3 4 8 9 5 7 
4 8 3 5 9 7 1 6 2 
9 5 7 1 6 2 4 8 3 
5 9 6 2 3 1 8 7 4 
8 3 1 4 7 5 2 9 6 
2 7 4 6 8 9 5 3 1 
3 2 9 7 5 4 6 1 8 
7 1 5 8 2 6 3 4 9 
6 4 8 9 1 3 7 2 5 
Board 60
2 5 6 3 4 1 7 8 9 
4 9 1 5 7 8 2 3 6 
3 7 8 2 6 9 4 1 5 
5 2 4 8 1 7 9 6 3 
8 1 9 6 2 3 5 4 7 
7 6 3 9 5 4 8 2 1 
9 8 2 7 3 6 1 5 4 
1 3 5 4 9 2 6 7 8 
6 4 7 1 8 5 3 9 2 
Board 61
2 1 5 4 3 6 9 7 8 
4 9 3 8 7 5 1 2 6 
8 7 6 2 9 1 4 3 5 
9 3 4 6 2 8 7 5 1 
1 6 2 7 5 3 8 9 4 
7 5 8 1 4 9 2 6 3 
6 2 1 5 8 7 3 4 9 
3 8 7 9 6 4 5 1 2 
5 4 9 3 1 2 6 8 7 
Board 62
3 2 4 5 8 7 6 9 1 
8 9 7 4 6 1 3 2 5 
1 6 5 3 9 2 4 8 7 
9 1 2 6 3 8 5 7 4 
5 3 8 7 1 4 9 6 2 
4 7 6 9 2 5 1 3 8 
2 8 3 1 5 6 7 4 9 
7 5 9 2 4 3 8 1 6 
6 4 1 8 7 9 2 5 3 
Board 63
6 8 4 1 2 7 9 5 3 
3 2 7 8 5 9 1 6 4 
1 5 9 3 4 6 2 8 7 
8 9 3 6 7 2 5 4 1 
7 4 2 5 9 1 8 3 6 
5 6 1 4 8 3 7 9 2 
2 3 6 9 1 5 4 7 8 
4 1 5 7 6 8 3 2 9 
9 7 8 2 3 4 6 1 5 
Board 64
2 7 1 4 6 5 8 3 9 
4 6 9 2 3 8 5 7 1 
5 3 8 7 1 9 2 6 4 
7 5 6 1 9 2 4 8 3 
1 9 2 3 8 4 7 5 6 
3 8 4 6 5 7 1 9 2 
6 1 5 8 2 3 9 4 7 
8 2 7 9 4 6 3 1 5 
9 4 3 5 7 1 6 2 8 
Board 65
3 5 8 7 4 9 6 1 2 
9 4 6 2 1 5 3 7 8 
7 1 2 3 6 8 9 4 5 
5 3 9 8 7 4 1 2 6 
2 8 4 1 3 6 5 9 7 
1 6 7 5 9 2 8 3 4 
4 2 3 6 8 1 7 5 9 
6 9 1 4 5 7 2 8 3 
8 7 5 9 2 3 4 6 1 
Board 66
1 2 6 8 3 4 5 7 9 
3 4 7 5 6 9 8 2 1 
5 8 9 7 2 1 6 3 4 
2 5 8 1 4 3 9 6 7 
4 9 3 6 5 7 2 1 8 
6 7 1 2 9 8 4 5 3 
7 3 2 4 8 5 1 9 6 
8 1 5 9 7 6 3 4 2 
9 6 4 3 1 2 7 8 5 
Board 67
2 3 9 4 7 5 6 1 8 
1 7 4 6 2 8 3 9 5 
6 8 5 1 9 3 2 4 7 
9 1 2 3 8 7 5 6 4 
3 6 7 2 5 4 1 8 9 
4 5 8 9 6 1 7 3 2 
7 2 1 8 4 6 9 5 3 
8 9 3 5 1 2 4 7 6 
5 4 6 7 3 9 8 2 1 
Board 68
4 8 7 6 5 3 2 9 1 
1 5 3 8 2 9 4 6 7 
6 2 9 4 1 7 3 5 8 
2 4 1 7 3 5 9 8 6 
9 7 5 2 6 8 1 4 3 
8 3 6 9 4 1 7 2 5 
5 1 8 3 9 4 6 7 2 
7 6 4 1 8 2 5 3 9 
3 9 2 5 7 6 8 1 4 
Board 69
1 3 5 8 6 7 4 2 9 
8 6 9 2 4 5 1 3 7 
4 2 7 1 3 9 5 8 6 
3 1 8 7 5 6 2 9 4 
7 5 6 4 9 2 3 1 8 
2 9 4 3 1 8 7 6 5 
5 7 1 6 8 3 9 4 2 
6 4 2 9 7 1 8 5 3 
9 8 3 5 2 4 6 7 1 
Board 70
2 3 5 9 7 8 1 4 6 
4 7 8 1 3 6 2 9 5 
1 6 9 2 4 5 3 7 8 
6 2 7 5 9 3 4 8 1 
5 4 3 8 2 1 7 6 9 
9 8 1 4 6 7 5 3 2 
7 5 6 3 8 2 9 1 4 
8 9 2 7 1 4 6 5 3 
3 1 4 6 5 9 8 2 7 
Board 71
1 8 2 9 6 3 7 4 5 
9 3 4 1 7 5 2 8 6 
6 7 5 4 8 2 9 3 1 
8 1 9 2 5 7 4 6 3 
7 5 3 8 4 6 1 9 2 
4 2 6 3 1 9 8 5 7 
5 6 8 7 9 1 3 2 4 
2 4 7 6 3 8 5 1 9 
3 9 1 5 2 4 6 7 8 
Board 72
1 4 6 2 5 9 3 8 7 
2 9 5 3 8 7 1 4 6 
3 8 7 1 4 6 2 9 5 
4 2 1 6 9 5 8 7 3 
5 3 9 8 7 2 4 6 1 
6 7 8 4 3 1 5 2 9 
8 6 4 9 1 3 7 5 2 
9 5 3 7 2 4 6 1 8 
7 1 2 5 6 8 9 3 4 
Board 73
3 4 5 8 7 9 2 1 6 
1 7 8 2 5 6 3 4 9 
2 9 6 1 4 3 8 5 7 
4 3 7 9 1 8 5 6 2 
9 5 1 7 6 2 4 3 8 
8 6 2 4 3 5 9 7 1 
7 1 9 3 8 4 6 2 5 
6 2 4 5 9 1 7 8 3 
5 8 3 6 2 7 1 9 4 
Board 74
3 2 8 6 1 7 4 5 9 
6 4 1 3 5 9 7 2 8 
7 5 9 4 2 8 6 3 1 
2 1 3 8 4 5 9 7 6 
8 9 6 1 7 3 2 4 5 
5 7 4 2 9 6 8 1 3 
4 8 2 5 6 1 3 9 7 
1 6 7 9 3 2 5 8 4 
9 3 5 7 8 4 1 6 2 
Board 75
1 2 6 3 8 5 4 7 9 
3 8 5 4 7 9 1 6 2 
4 7 9 1 6 2 3 5 8 
2 1 3 6 5 8 7 9 4 
6 5 8 7 9 4 2 1 3 
7 9 4 2 1 3 5 8 6 
8 6 2 5 3 7 9 4 1 
9 3 7 8 4 1 6 2 5 
5 4 1 9 2 6 8 3 7 
Board 76
5 1 6 3 9 8 4 2 7 
4 2 3 1 7 5 8 9 6 
7 8 9 6 2 4 1 3 5 
2 7 4 5 1 9 6 8 3 
8 9 1 2 3 6 5 7 4 
6 3 5 4 8 7 2 1 9 
9 5 2 8 4 3 7 6 1 
3 6 8 7 5 1 9 4 2 
1 4 7 9 6 2 3 5 8 
Board 77
5 2 3 4 8 1 6 7 9 
4 1 6 9 2 7 5 8 3 
7 8 9 5 6 3 2 4 1 
2 9 4 3 1 5 7 6 8 
3 5 1 8 7 6 4 9 2 
6 7 8 2 9 4 3 1 5 
8 3 7 1 4 2 9 5 6 
1 6 5 7 3 9 8 2 4 
9 4 2 6 5 8 1 3 7 
Board 78
2 1 6 7 5 9 3 4 8 
9 5 7 3 4 8 2 1 6 
3 4 8 1 2 6 9 5 7 
1 2 9 4 7 5 8 6 3 
8 7 5 6 1 3 4 2 9 
4 6 3 9 8 2 1 7 5 
5 8 1 2 9 7 6 3 4 
6 9 2 5 3 4 7 8 1 
7 3 4 8 6 1 5 9 2 
Board 79
9 1 2 4 5 6 7 8 3 
6 4 5 7 8 3 9 2 1 
7 8 3 9 1 2 5 4 6 
1 2 6 5 9 7 4 3 8 
4 9 7 6 3 8 2 1 5 
5 3 8 2 4 1 6 9 7 
2 5 1 8 6 4 3 7 9 
3 6 4 1 7 9 8 5 2 
8 7 9 3 2 5 1 6 4 
Board 80
2 3 5 4 6 7 9 1 8 
4 7 6 8 1 9 2 3 5 
9 1 8 2 3 5 4 7 6 
6 2 3 9 5 4 1 8 7 
7 5 4 1 8 3 6 2 9 
1 8 9 6 7 2 3 5 4 
3 6 7 5 4 1 8 9 2 
8 9 1 7 2 6 5 4 3 
5 4 2 3 9 8 7 6 1 
Board 81
1 2 3 4 8 6 5 7 9 
8 9 4 5 7 1 3 2 6 
5 7 6 3 2 9 1 8 4 
2 3 7 6 9 8 4 1 5 
6 1 8 7 4 5 2 9 3 
9 4 5 2 1 3 7 6 8 
7 6 2 8 3 4 9 5 1 
3 5 1 9 6 7 8 4 2 
4 8 9 1 5 2 6 3 7 
Board 82
1 6 9 5 8 7 2 3 4 
5 3 8 1 2 4 7 6 9 
2 4 7 6 3 9 8 1 5 
6 1 2 7 5 3 9 4 8 
8 7 3 9 4 1 6 5 2 
9 5 4 8 6 2 1 7 3 
3 9 5 2 1 6 4 8 7 
7 8 1 4 9 5 3 2 6 
4 2 6 3 7 8 5 9 1 
Board 83
1 2 5 4 6 7 8 3 9 
3 4 9 1 2 8 5 6 7 
7 6 8 3 5 9 1 2 4 
2 1 3 5 9 6 7 4 8 
8 9 6 7 4 2 3 1 5 
5 7 4 8 1 3 2 9 6 
6 5 2 9 7 1 4 8 3 
9 8 7 2 3 4 6 5 1 
4 3 1 6 8 5 9 7 2 
Board 84
1 6 2 9 3 4 7 5 8 
4 7 9 8 1 5 3 6 2 
3 8 5 6 7 2 9 1 4 
9 3 6 4 2 1 8 7 5 
2 1 4 7 5 8 6 3 9 
7 5 8 3 6 9 4 2 1 
6 4 1 2 8 3 5 9 7 
8 2 3 5 9 7 1 4 6 
5 9 7 1 4 6 2 8 3 
Board 85
1 4 7 6 2 9 3 5 8 
2 6 8 1 5 3 4 7 9 
3 5 9 4 7 8 1 2 6 
7 9 1 3 6 4 2 8 5 
4 2 6 5 8 1 7 9 3 
5 8 3 7 9 2 6 1 4 
8 7 5 2 3 6 9 4 1 
9 3 4 8 1 7 5 6 2 
6 1 2 9 4 5 8 3 7 
Board 86
1 4 5 3 6 7 2 8 9 
6 7 8 1 2 9 5 4 3 
2 3 9 5 4 8 1 6 7 
4 1 2 9 7 6 3 5 8 
9 5 7 8 3 2 4 1 6 
3 8 6 4 1 5 9 7 2 
7 6 4 2 9 1 8 3 5 
5 9 1 6 8 3 7 2 4 
8 2 3 7 5 4 6 9 1 
Board 87
1 6 4 5 2 9 7 3 8 
2 9 5 7 3 8 4 6 1 
7 3 8 1 6 4 5 2 9 
5 1 6 2 8 7 3 9 4 
4 2 9 3 1 6 8 7 5 
3 8 7 4 9 5 6 1 2 
8 4 2 6 7 1 9 5 3 
6 5 3 9 4 2 1 8 7 
9 7 1 8 5 3 2 4 6 
Board 88
6 2 3 4 8 9 1 7 5 
1 9 5 2 7 3 4 6 8 
4 7 8 5 6 1 2 9 3 
3 1 9 6 4 8 7 5 2 
8 4 2 7 9 5 3 1 6 
7 5 6 3 1 2 8 4 9 
9 8 4 1 3 6 5 2 7 
5 3 1 9 2 7 6 8 4 
2 6 7 8 5 4 9 3 1 
Board 89
5 3 4 6 2 1 7 9 8 
1 2 6 7 8 9 5 3 4 
7 8 9 3 4 5 1 2 6 
4 5 8 9 1 2 6 7 3 
3 1 2 8 6 7 4 5 9 
6 9 7 5 3 4 8 1 2 
2 4 3 1 7 8 9 6 5 
9 6 1 4 5 3 2 8 7 
8 7 5 2 9 6 3 4 1 
Board 90
9 1 3 2 4 8 5 6 7 
8 6 7 3 5 1 2 4 9 
2 4 5 9 6 7 1 3 8 
6 9 2 7 8 5 4 1 3 
7 5 8 4 1 3 6 9 2 
4 3 1 6 9 2 7 8 5 
5 7 6 8 3 4 9 2 1 
3 2 4 1 7 9 8 5 6 
1 8 9 5 2 6 3 7 4 
Board 91
1 2 4 6 7 5 9 3 8 
6 5 7 9 3 8 1 4 2 
9 3 8 1 4 2 6 7 5 
2 1 6 4 5 7 3 8 9 
3 4 5 2 8 9 7 1 6 
7 8 9 3 1 6 2 5 4 
4 7 2 5 9 3 8 6 1 
8 9 1 7 6 4 5 2 3 
5 6 3 8 2 1 4 9 7 
Board 92
4 1 6 2 5 9 8 3 7 
2 3 7 8 1 6 4 5 9 
5 8 9 4 7 3 1 2 6 
1 6 2 9 4 5 3 7 8 
9 7 5 3 6 8 2 1 4 
3 4 8 7 2 1 9 6 5 
7 9 1 6 8 2 5 4 3 
6 5 3 1 9 4 7 8 2 
8 2 4 5 3 7 6 9 1 
Board 93
7 5 8 4 6 2 3 9 1 
4 6 1 3 9 5 7 8 2 
3 9 2 8 1 7 4 5 6 
5 8 4 7 2 6 9 1 3 
2 1 7 9 5 3 6 4 8 
6 3 9 1 8 4 5 2 7 
8 7 5 2 3 9 1 6 4 
1 4 6 5 7 8 2 3 9 
9 2 3 6 4 1 8 7 5 
Board 94
3 1 2 4 6 7 5 8 9 
7 8 9 5 1 2 4 6 3 
4 5 6 8 3 9 7 1 2 
1 4 7 3 9 6 2 5 8 
8 9 3 2 4 5 1 7 6 
2 6 5 7 8 1 3 9 4 
9 3 1 6 5 4 8 2 7 
6 7 8 1 2 3 9 4 5 
5 2 4 9 7 8 6 3 1 
Board 95
2 8 3 6 7 9 5 1 4 
5 6 9 3 1 4 7 8 2 
7 1 4 8 2 5 9 3 6 
8 7 6 2 5 1 3 4 9 
3 2 1 9 4 6 8 7 5 
9 4 5 7 8 3 2 6 1 
1 3 8 5 6 2 4 9 7 
4 5 7 1 9 8 6 2 3 
6 9 2 4 3 7 1 5 8 
Board 96
1 2 8 5 6 7 3 4 9 
5 7 9 1 4 3 2 6 8 
4 6 3 8 2 9 1 7 5 
6 4 5 2 9 1 8 3 7 
2 9 7 4 3 8 6 5 1 
8 3 1 6 7 5 4 9 2 
7 8 6 9 1 4 5 2 3 
3 1 4 7 5 2 9 8 6 
9 5 2 3 8 6 7 1 4 
Board 97
3 2 4 6 9 5 1 7 8 
6 9 5 8 7 1 2 4 3 
8 1 7 4 2 3 6 5 9 
2 3 6 7 4 9 8 1 5 
4 5 9 3 1 8 7 2 6 
1 7 8 2 5 6 3 9 4 
5 4 3 1 6 2 9 8 7 
7 6 1 9 8 4 5 3 2 
9 8 2 5 3 7 4 6 1 
Board 98
1 8 9 2 4 3 5 6 7 
3 6 2 1 7 5 9 8 4 
5 7 4 6 8 9 2 1 3 
8 3 7 9 2 1 6 4 5 
9 2 1 5 6 4 7 3 8 
6 4 5 8 3 7 1 2 9 
7 9 8 4 1 6 3 5 2 
2 1 3 7 5 8 4 9 6 
4 5 6 3 9 2 8 7 1 
Board 99
1 2 5 8 6 3 4 7 9 
3 8 4 2 7 9 1 5 6 
9 7 6 4 1 5 8 2 3 
2 1 8 3 5 6 7 9 4 
4 5 9 1 2 7 3 6 8 
7 6 3 9 4 8 5 1 2 
6 3 1 5 8 2 9 4 7 
5 9 2 7 3 4 6 8 1 
8 4 7 6 9 1 2 3 5 
Board 100
9 1 7 6 8 4 2 5 3 
2 6 4 1 5 3 8 9 7 
8 5 3 7 2 9 1 4 6 
1 2 6 3 4 7 9 8 5 
7 3 8 2 9 5 6 1 4 
5 4 9 8 6 1 7 3 2 
6 7 1 5 3 8 4 2 9 
4 8 5 9 7 2 3 6 1 
3 9 2 4 1 6 5 7 8 
